RMSE 0.154012557951177
Av. abs error 0.118444291784058
Pearson Correlation 0.640774620517391
Spearman Correlation 0.585900862326587
Orness 0.67796428110174
i Shapley i
1 0.272151349102236
2 0.0307166347895854
3 0.527691767022004
4 0.169440249084761
binary number fm.weights
1 0.507007038664356
2 0
3 0.650754540090078
4 0.768673598432668
5 0.999999999999815
6 0.768673598432668
7 1.00000000000007
8 0.422296984735329
9 0.507007038664358
10 0.503401599359732
11 0.650754540089874
12 0.900168816161221
13 0.999999999998851
14 0.900168816161142
15 0.999999999998586
