0.41746298275072 0.607790632223794 0.406676890409343 0.481636925347811 0.301029995663981 0.508025771179435
0.20921996641734 0.579165960795457 0.521646809012623 0.248412060564239 0.477121254719662 0.424536855883361
0.38849030682339 0.566973971113016 0.458487672525657 0.187368163459796 0.397940008672037 0.446667141815069
0.23248359029156 0.258234101503371 0.493028193936535 0.409636179201671 0.397940008672037 0.377841184537911
0.62021065486185 0.049839061364346 0.493098973693524 0.241337445968868 0.602059991327962 0.413306398014004
1 0.399854636071022 0.523723015217648 0.257042368692832 0.977723605288848 0.658874128603427
0.40354144405434 0.171349097486734 0.377185324997051 0.183694645297953 0.477121254719662 0.304373220694094
0.53036177682797 0.14637491871096 0.476748849828949 0.531933904907958 0.740362689494244 0.459622867154152
0.2038772706457 0.391313139041145 0.613542526837324 0.539401681081457 0.698970004336019 0.481199711741529
0.26576095252633 0.4016252343037 0.419605992686092 0.565913628332867 0.301029995663981 0.456167730390078
0.53747519462677 0.79010213728694 0.512563406865636 0.560461222631919 0.397940008672037 0.647760116723997
0.23213249885514 0.6010197334266 0.536628524242067 0.583119343520125 0.602059991327962 0.52638745668369
0.71088383452908 0.45780347452579 0.0956706381974756 0.504996336108948 0.176091259055681 0.521984693711766
0.18852083651351 0.500336085775646 0.528252919664976 0.31294049764346 0.477121254719662 0.414339142276357
0.20995267898031 0.386143429386466 0.220762062050253 0.632828098476141 0.477121254719662 0.422233228470197
0.3542970538849 0.412210570034263 0.621281113601511 0.392697729774831 0.602059991327962 0.489982714798618
0.42024118455198 0.486154905486124 0.352837088592663 0.145424839556955 0.397940008672037 0.389921645569608
0.08609372614868 0.273278721671793 0.421493452872479 0.345519983598138 0.477121254719662 0.320523314954782
0.10834987024882 0.238003377252185 0.546537690220597 0.557172122080271 0.397940008672037 0.400497670231127
0.18667379026103 0.532430911147664 0.478589123510676 0.368847612151366 0.845098040014257 0.428615882904026
0.68223172034804 0.535742585619902 0.323581455703669 0.0172680334333114 0.602059991327962 0.464477296452165
0.79392459166539 0.653405395952764 0.787471983012859 0.623591759124667 1 0.728715386794732
0.74385589986262 0.145637169447342 0.350595729621328 0.591587414372377 0.544068044350276 0.525451241095076
0.32608762021065 0.154287962664424 0.390822224843695 0.446723716150193 0.176091259055681 0.362481974685867
0.50499160433522 0.822071272043677 0.585466556564823 0.732385359765017 0.397940008672037 0.69722286088308
0.46420393833003 0.599713643989528 0.496637961542999 0.46267642837086 0.397940008672037 0.52780416411353
0.68223172034804 0.485225887894902 0.543069482128111 0.647259823985065 0.602059991327962 0.609646687706075
0.15768584948863 0.651044598309187 0.436829066886871 0.592639741975282 0.740362689494244 0.51076027181135
0.59514577927034 0.536698927257923 0.584876725256577 0.604126237576584 0.698970004336019 0.587624393985234
0.3329873301786 0.164933411297946 0.308906452754512 0.499197930845484 0.397940008672037 0.374488030170768
0.31077698061365 0.480307559470786 0.49217883685266 0.57456204826631 0.477121254719662 0.498349370553408
0.06360860937261 0.421943395504648 0.476041052259053 0.088118354893216 0.397940008672037 0.299635731954976
0.88771179972523 0.624463765581537 0.448743659313436 0.921144365858745 0.8750612633917 0.764229585584679
0.76414287894978 0.408964473274348 0.125752034918013 0.766372087131817 0.397940008672037 0.571944285604263
0.08945199206228 0.0829448764679857 0.466415005308481 0.154132958720767 0.397940008672037 0.26260880768386
0.41186078461304 0.240757641169687 0.437300931933467 0.524671298138293 0.477121254719662 0.439638883644266
0.1734086399023 0.511446043204784 0.11773032912587 0.150878346012974 0.397940008672037 0.307256787065044
0.29836666157839 0.133177404106258 0.135094962840628 0.71081632933268 0.397940008672037 0.409402334929572
0.57727064570295 0.47732377356016 0.52058511265778 0.580988457699548 0.778151250383643 0.548356446177222
0.44744313845214 0.327598926711441 0.297298572608235 0.306516114708831 0.397940008672037 0.369836749441705
0.2688139215387 0.0484182109307098 0.467169989383036 0.190859584638814 0.397940008672037 0.301657420645375
0.5301480689971 0.485488198744187 0.269081042821753 0.739399268680176 0.477121254719662 0.57110922226764
0.26270798351397 0.112247184256978 0.537477881325941 0.547224135525472 0.740362689494244 0.402397646600115
0.38406350175546 0.344053467694782 0.260493098973693 0.268947707429706 0.176091259055681 0.328319821064237
0.1786902762937 0.0629054205444039 0.473681727026071 0.362746102829707 0.301029995663981 0.315872489882023
0.45443443749046 0.110094049369086 0.525303763123747 0.598925233499055 0.740362689494244 0.476764767658368
0.54194779422989 0.124231511183733 0.258464079273328 0.329684391160186 0.397940008672037 0.372710333552906
0.50606014348954 0.575214903628088 0.553096614368291 0.531503149978175 0.477121254719662 0.549849167835861
0.15203785681575 0.274087513457092 0.458676418544296 0.578851966302965 0.301029995663981 0.414709207762751
0.55884597771333 0.346255785866911 0.0963784357673705 0.632651925591722 0.397940008672037 0.463797562204968
0.29201648603267 0.242495450546209 0.427627698478235 0.543880876497289 0.397940008672037 0.413497106304343
0.18729964890856 0.635409778729868 0.413754866108293 0.511994994143706 0.301029995663981 0.490950957617748
0.36858494886277 0.420642770876939 0.343918839211985 0.718342541902225 0.653212513775344 0.525437484047061
0.16108990993741 0.488832662072582 0.170744367111007 0.352899760992133 0 0.333403055092128
0.25127461456266 0.453967178354981 0.470449451456884 0.50140366264854 0.544068044350276 0.447211521147821
0.73675774690887 0.486258736863967 0.0906688687035508 0.484832879991458 0.397940008672037 0.537644556308492
0.46487559151275 0.115302012689289 0.160552082104519 0.141768717677762 0.397940008672037 0.282187036098576
0.30697603419325 0.191803878921685 0.458652825291967 0.921425031914874 0.845098040014257 0.580074016830604
0.64493970386201 0.308155135008115 0.503833903503599 0.547224135525472 0.397940008672037 0.542830633892702
0.3757288963517 0.806179606424431 0.606299398372065 0.514217253983229 0.477121254719662 0.634364261417717
0.44961074645092 0.0993939526419632 0.287719712162321 0.575636654004148 0.301029995663981 0.4081559870312
0.10517478247596 0.297537010421392 0.455467736227439 0.517781489168513 0.176091259055681 0.387152279309663
0.57975881544802 0.235872101601737 0.445204671463961 0.903407427729545 0.602059991327962 0.63359993881498
0.2378262860632 0.726234910295157 0.435177539223781 0.363287467631978 0.397940008672037 0.51378212569078
0.46508929934361 0.490597795495902 0.571003892886635 0.371983385667982 0.544068044350276 0.501313134166456
0.20012211876049 0.142598735443115 0.446596673351421 0.218810182060961 0.301029995663981 0.302336673932599
0.37108838345291 0.47350933662679 0.508882859502183 0.275059496827865 0.301029995663981 0.43121570449531
0.36376125782323 0.491854701648733 0.224961660964964 0.512459433957886 0.397940008672037 0.425840272150481
0.53549076476874 0.516861669280667 0.208918249380677 0.0625410798123934 0.740362689494244 0.372124182851693
0.59120744924439 0.388711889785727 0.477881325940781 0.569167587630575 0.698970004336019 0.52678232087777
0.56121202869791 0.300165583723612 0.363689984664385 0.565913628332867 0.544068044350276 0.469656285209257
0.11524958021676 0.107826153484634 0.441193818567889 0.554971964842923 0.477121254719662 0.350948180066746
0.55831170813616 0.194847777735275 0.375557390586292 0.84219404304808 0.698970004336019 0.57834238029021
0.67485880018318 0.0376470716819057 0.200778577326884 0.646153903159842 0.397940008672037 0.44473291654607
0.78156006716532 0.403953243091116 0.175557390586292 0.656135090692176 0.477121254719662 0.570000548070432
0.50773927644634 0.36927356289176 0.765954936888049 0.573486018783978 0.845098040014257 0.609539475569296
0.39981682185926 0.435288459962072 0.559372419488027 0.803587490232565 0.477121254719662 0.608375887379929
0.34055869332926 0.498827798392252 0.101215052494986 0.181108372707971 0.176091259055681 0.33022925421945
0.59277972828576 0.398269841356583 0.0015335614014392 0.433527370153142 0.397940008672037 0.430059375992004
0.51305144252786 0.374339441168597 0.419275687153475 0.579920914540926 0.397940008672037 0.495776009523511
0.69775606777591 0.0618179234817385 0.314616019818332 0.57670983976016 0.602059991327962 0.480838230937839
0.26698214013128 0.669876331364181 0.430576855019464 0.300980809966359 0.301029995663981 0.475287768116402
0.16686002137078 0.364098388427718 0.498737761000353 0.529232245523249 0.301029995663981 0.425681660659882
0.19879407724012 0.0270562711419798 0.156069364161849 0.152688074115989 0.477121254719662 0.154911548175017
0.24229888566631 0.0976670728841628 0.356022177657191 0.18840678717013 0.602059991327962 0.255870428515327
0.38166692108075 0.277945668865341 0.710510793912941 0.716289620601885 0.977723605288848 0.557484968975825
0.37978934513815 0 0.186740592190633 0.118725842342121 0.397940008672037 0.22498170385619
0.40268661273088 0.737623573001656 0.561873304234989 0.367461140582686 0.929418925714293 0.56589163890177
0.37997252327889 0.267906814070792 0.307302111596084 0.288230660514567 0.301029995663981 0.328065781153005
0.30867043199512 0.248473951986184 0.473257048484133 0.215925578343159 0.301029995663981 0.350422922528394
0.22607235536559 0.402532392657484 0 0.2836280871106 0.176091259055681 0.278021238879809
0.18534574874065 0.17647508866653 0.309425504305768 0.365237851115449 0.397940008672037 0.279667536140787
0.28346817279805 0.00110935630010485 0.143564940427037 0.624243432467006 0.301029995663981 0.352370411729456
0.26402076018928 0.269639158637951 0.417364633714757 0.161676715338839 0.301029995663981 0.317024267602718
0.6063959700809 0.326352950177333 0.433526011560693 0.516839943829871 0.477121254719662 0.504837268409694
0.39337505724317 0.268584450431447 0.469859620148637 0.19495407128009 0.544068044350276 0.362867758515614
0.77047778965043 0.448026930580527 0.487554559396013 0.584182693516561 0.8750612633917 0.618889854876147
0.45443443749046 0.292383695194793 0.5602217765719 0.525270242168185 0.397940008672037 0.486566300519327
0.56605098458251 0.517544770450681 0.514686799575321 0.564826071624706 0.653212513775344 0.544768489407462
0.38513204090978 0.143265442185048 0.297864810664151 0.332007027979002 0.301029995663981 0.318030068255877
0.46199053579606 0.554393979966009 0.418756635602217 0.486445330486665 0.397940008672037 0.499473089637291
0.23390322088231 0.0379257769592717 0.466226259289843 0.434090042623981 0.698970004336019 0.3339703583899
0.36699740497634 0.379487291585832 0.225197593488263 0.453342221925205 0.544068044350276 0.38572692129418
0.55454129140589 0.390640967489849 0.23397428335496 0.445141340930538 0.397940008672037 0.446867544853402
0.62341627232484 0.174081502166797 0.104164209036216 0.626824743651769 0.397940008672037 0.422904340582034
0.09876354754999 0.327199995628152 0.101215052494986 0.561554636067909 0.176091259055681 0.333247836391898
0.27325599145169 0.578717846427926 0.510935472454877 0.511288536569296 0.602059991327962 0.505796834380809
0.30544954968707 0.35013033570324 0.306075262474932 0.657580971167812 0.544068044350276 0.46615159110761
0.30947946878339 0.12452661088918 0.325704848413353 0.571329673460212 0.778151250383643 0.399382648723022
0.271851625706 0.12719343785692 0.435885336793677 0.23349399747106 0.397940008672037 0.311841530665589
0.16269271866891 0.0443141391012568 0.152294443789076 0.597881023888298 0.477121254719662 0.333350775906245
0.36650892993436 0.161397679641947 0.446974165388699 0.367405632458068 0.176091259055681 0.371794989122416
0.71821096015875 0.19116449622655 0.402618851008612 1 0.812913356642856 0.676122524390336
0.36373072813311 0.30090333298723 0.403208682316857 0.336344149486944 0.176091259055681 0.364159608514306
0.17111891314303 0.227980916885713 0.337737407101569 0.0729773377003454 0.477121254719662 0.237456747394351
0.22416424973287 0.782506052276367 0.548661082930281 0.452742763394255 0.397940008672037 0.576753320809239
0.19694703098764 0.478629862997227 0.402241358971335 0.361718191479814 0 0.394254969464065
0.34271103648298 0.657389241976294 0.582210687743305 0.557172122080271 0.845098040014257 0.572998224954882
0.35258739123798 0.602659176234639 0.511430930753804 0.573486018783978 0.602059991327962 0.536464572971519
0.21126545565563 0.783790282475995 0.448295387519169 0.526954973513069 0.397940008672037 0.571257872358276
0.33445275530453 0.146429566804561 0.200896543588533 0.510516307866269 0.544068044350276 0.346717419952444
0.42830102274462 0.478864849799715 0.182729739294561 0.33490101425995 0.176091259055681 0.388271551386776
0.51616547092047 0.456300651951755 0.617600566238056 0.479913405601264 0.602059991327962 0.541736939313801
0.17820180125172 0.197563787987257 0.10357437772797 0.698023185813247 0.397940008672037 0.397940008672138
0.05309113112502 0.300679275803465 0.444378907632417 0.388284266796219 0.397940008672037 0.33913198254725
0.60844145931919 0.122247785386006 0.265777987495576 0.294934267702993 0.397940008672037 0.398969206114182
0.21662341627232 0.381022903016028 0.456647398843931 0.172333392779171 0.397940008672037 0.337548850068924
0.5510609067318 0.411669553907612 0.448861625575085 0.533767722387638 0.397940008672037 0.499660641870019
0.30523584185621 0.570974211564631 0.518508906452755 0.40847073131199 0.397940008672037 0.479405985886179
0.5137536254007 0.368929279902072 0.0817506193228737 0.136253488012101 0.176091259055681 0.325186047663535
0.30570905205312 0.300832290465549 0.341276394951044 0.523527047916025 0.397940008672037 0.405355962802304
0.16910395359487 0.470596593237845 0.550194644331721 0.541644366724378 0.653212513775344 0.47077243363529
0.36782170660968 0.558585488745224 0.441311784829539 0.522381183286656 0.301029995663981 0.492875195944711
0.27186689055106 0.458683308832771 0.53905862923204 0.531503149978175 0.477121254719662 0.476291439360873
0.48313234620669 0.52615184519288 0.429232039636664 0.542763391467979 0.301029995663981 0.507163341121195
0.681727980461 0.0590199410893533 0.313908222248437 0.543880876497289 0.397940008672037 0.468780641347077
0.17875133567394 0.214690500521889 0.429397192402973 0.598925233499055 0.602059991327962 0.406889730466313
0.0408945199206199 0.463240959839117 0.310015335614015 0.547224135525472 0.397940008672037 0.395161395774842
0.10670126698214 0.162517965560769 0.329479768786127 0.291894031121398 0.301029995663981 0.244978917626291
0.0817432453060601 0.0928197869817326 0.295269552907868 0.525882445822786 0.301029995663981 0.30845047679367
0.33991756983667 0.855679849608448 0.473516574259761 0.471514015520595 0.954242509439325 0.621018684516518
0.42085177835445 0.160610747094087 0.408871062876017 0.568084382458844 0.477121254719662 0.443861839357652
0.45351854678675 0.370443032094824 0.270260705438244 0.284218674202104 0.301029995663981 0.368053724486018
0.18768127003511 0.503625901010445 0.139200188746019 0.193923792144527 0.397940008672037 0.320034883716468
0.53762784307739 0.0352917388476881 0.194998230506075 0.347228970674308 0.544068044350276 0.342349534092466
0.46115096931766 0.15676352130456 0.459242656600212 0.572408561779511 0.301029995663981 0.464704816305055
0.21818043046863 0.289656755324089 0.268986669812433 0.556072788495415 0.301029995663981 0.390275600816814
0.41402839261181 0.757799649159237 0.423947151114781 0.421952549480266 0.397940008672037 0.568428487651751
0.20973897114944 0.270344119045408 0.488616255750855 0.583766026211629 0.929418925714293 0.428324735768683
0.61502060754083 0.2596276278902 0.0768432228382683 0.479773239039486 0.397940008672037 0.418321883207411
0.6217524042131 0.254239325861119 0.137241948802643 0.825000894842241 0.397940008672037 0.536926413039836
0.57757594260418 0.471853499390675 0.315795682434824 0.476431086438269 0.397940008672037 0.495926576241568
0.28868874980919 0.302449874036144 0.388462899610711 0.614019753454891 0.698970004336019 0.448714576101252
0.19340558693329 0.364639404554373 0.4822460776218 0.536025997965225 0.301029995663981 0.430497351279076
0.31392153869638 0.501991923011765 0.444095788604459 0.539401681081457 0.301029995663981 0.474572655292187
0.53947488932987 0.366781609823543 0.166804293971924 0.533767722387638 0.397940008672037 0.435629791991242
0.31430315982293 0.408336020197934 0.239353544886163 0.518933857239745 0.477121254719662 0.405728429302849
0.12280567852236 0.139910049237931 0.567299752270851 0.847132067588113 0.477121254719662 0.50521012385426
0.56209738971149 0.378984529124701 0.291258700011796 0.523527047916025 0.397940008672037 0.465883027600832
0.31460845672416 0.0783653662241997 0.539105815736699 0.553869647077949 0.602059991327962 0.415072152686492
0.34712257670585 0.417473181448063 0.390775038339035 0.175151714951369 0 0.358590793859791
0.29058159059686 0.289372585237364 0.38733042349888 0.393853778184494 0 0.348732225227371
0.16522668294917 0.14720010492434 0.336321811961779 0.272049928869471 0.301029995663981 0.252021913558165
0.42333994809953 0.270234822858203 0.430317329243836 0.573486018783978 0.397940008672037 0.46766312227475
0.02243932224088 0.42902032362601 0.298147929692108 0.293324359900771 0.301029995663981 0.313708039277408
0.27937719432148 0.472771587363176 0.48661082930282 0.54499682604361 0.477121254719662 0.477904426856674
0.13826896656999 0.330686543999914 0.445086705202312 0.548335503836896 0.477121254719662 0.413300342239574
0.30876202106549 0.143035920191924 0.419841925209391 0.566999730649336 0.397940008672037 0.412662524466903
0.34742787360708 0.280055085278349 0.174778813259408 0.933126270223792 0.397940008672037 0.560217076684901
0.32544649671806 0.522758198580243 0.412999882033739 0.144694930705259 0 0.397239989437722
0.2692108075103 0.497259398105899 0.279603633360859 0.389365570280361 0.301029995663981 0.388347104275536
0.53747519462677 0.486712316040856 0.454995871180843 0.448735025766079 0.544068044350276 0.494533846888079
0.57350022897268 0.150151101978806 0.538091305886516 0.560461222631919 0.740362689494244 0.499625573958832
0.43123187299649 0.386640727038238 0.203586174354135 0.643103844629276 0.544068044350276 0.478273886348146
0.14058922301939 0.463596172447523 0.347764539341748 0.0809149536684093 0.544068044350276 0.301420224982337
0.40912837734697 0.70349037373831 0.445700129762888 0.129964716492291 0.301029995663981 0.502189065902808
0.14700045794535 0.434190033280689 0.256576619086941 0.280236211692252 0 0.321593297159108
0.13081972217982 0.249561449048849 0.52058511265778 0.580988457699548 0.653212513775344 0.413993574579879
0.09052053121661 0.250621622064712 0.452990444732807 0.548335503836896 0.477121254719662 0.384948620751566
0.62217981987483 0.61590040931422 0.37312728559632 0.211935722588479 0.698970004336019 0.491375017474167
0.2546176156312 0.935843138112129 0.677480240651173 0.589478659760355 0.740362689494244 0.704089873781551
0.67850709815295 0.618900589652931 0.469057449569423 0.56264657941619 0.698970004336019 0.607298695405083
0.4580980003053 0.0417292842739194 0.0760882387637136 0.723840679234626 0.397940008672037 0.406653746664716
0.35942604182568 1 0.647988675238881 0.603088697893646 0.778151250383643 0.747486100498654
0.19926728743703 0.283126308138742 0.431520585112657 0.553560729806082 0.544068044350276 0.409428451843991
0.27482827049305 0.140942898206996 0.43824466202666 0.360868064954895 0.397940008672037 0.338432172052273
0.53991756983667 0.399942073020783 0.672879556446856 0.557172122080271 0.845098040014257 0.580011949549323
0.3746908868875 0.277699752444136 0.589477409460895 0.565913628332867 0.698970004336019 0.480404389382864
0.1510609067318 0.0457841728191306 0.268208092485549 0.249054497177405 0.301029995663981 0.200173538481202
0.49091741718822 0.427752487854462 0.304117022531556 0.439644646147165 0.397940008672037 0.438899552013715
0.22607235536559 0.468405204684433 0.634540521410876 0.568084382458844 0.778151250383643 0.519099031023422
0.15796061669974 0.297515151183952 0.391058157366993 0.398936951516235 0.176091259055681 0.334091320690179
0.01847046252481 0.370443032094824 0.284770555621092 0.281471260564813 0.301029995663981 0.282305688387478
0.15548771179973 0.202782680926174 0.322991624395423 0.543880876497289 0.397940008672037 0.361675464656915
0.54410013738361 0.0145637169447341 0.308717706735873 0.563737056624503 0.397940008672037 0.409049504484954
0.52984277209586 0.409035515796033 0.464621918131415 0.403356787470968 0.301029995663981 0.468687882368171
0.31550908258281 0.606544655689685 0.446856199127049 0.521233699688259 0.477121254719662 0.507628822714606
0.18352923217829 0.246790790703266 0.456647398843931 0.533767722387638 0.397940008672037 0.391644965973988
0.21050221340253 0.268895944564974 0.395446502300343 0.429047919075709 0.653212513775344 0.347609969221966
0.71546328804763 0.372541518889115 0.525775628170343 0.887910694703363 0.903089986991943 0.687674818703608
0.0452755304533699 0.522916678051686 0.498879320514333 0.569167587630575 0.301029995663981 0.466293194967679
0.63883376583728 0.325844722906843 0.311194998230507 0.557172122080271 0.397940008672037 0.492144830792043
0.36482979697756 0.623977397548486 0.440957886044591 0.456730821240752 0.477121254719662 0.51220167863422
0.31550908258281 0.203629726376993 0.581172584640792 0.719170899002737 0.477121254719662 0.511925996380703
0.61379941993589 0.115302012689289 0.195753214580629 0.497700467122113 0.397940008672037 0.407980591588283
0.44909174171882 0.296181737700082 0.432110416420904 0.587364415555838 0.477121254719662 0.482544675251852
0.39474889329873 0.799895075660284 0.631945263654595 0.597881023888298 0.698970004336019 0.661255152538037
0.4187910242711 0.501150342370304 0.822295623451693 0.566695768378612 1 0.638782889114656
0.18485727369867 0.245905491586927 0.324643152058511 0.430451366440039 0.397940008672037 0.328503305389599
0.62173713936804 0.00765073310417411 0.222130470685384 0.214285069668945 0.477121254719662 0.363766095699463
0.54205464814532 0.300826825656186 0.298242302701428 0.320326845044253 0.653212513775344 0.408922126616862
0.25538085788429 0.274005541316689 0.215760292556329 0.413584141161658 0.397940008672037 0.321483803746471
0.28899404671043 0.500953609233341 0.318508906452755 0.36468107646674 0.477121254719662 0.400439157466441
0.33907800335827 0.179120056396831 0.427863631001533 0.465554286766725 0.602059991327962 0.383009951308091
0.18711647076782 0.0823437474383707 0.361920490739648 0 0.477121254719662 0.207013655602442
0.26594413066707 0.0833438075512745 0.399669694467383 0.546111244320819 0.301029995663981 0.380033177121713
0.46102885055717 0.559979015132058 0.428571428571428 0.106189175508071 0.397940008672037 0.443221733347683
0.5284689360403 0.203044991775463 0.306264008493571 0.241635615493755 0.698970004336019 0.370520762030657
0.34452755304534 0.566657012170131 0.457827061460423 0.512208669445452 0.397940008672037 0.496245642689338
0.61431842466799 0.250118859603581 0.125044237348118 0.0527871115406064 0.397940008672037 0.345943684307904
0.33633033124714 0.0108203225330501 0.400613424560576 0.348650384649963 0.176091259055681 0.31835798384214
0.51268508624637 0.13461464896797 0.437914356494043 0.57670983976016 0.397940008672037 0.464301604405054
0.14460387727065 0.85366333495456 0.437348118438127 0.526954973513069 0.397940008672037 0.589059646653078
0.48575789955732 0.419544344195552 0.214132358145571 0.0202525496123218 0.698970004336019 0.332456728118985
0.0408945199206199 0.584362994496938 0.301309425504305 0.504058608327085 0.397940008672037 0.414512338306956
0.54942756831018 0.267092557476133 0.425645865282529 0.529232245523249 0.301029995663981 0.470592383495845
0.22149290184705 0.124952866019271 0.410121505249499 0.232334519254838 0.301029995663981 0.29153504227867
0.6584185620516 0.352064878216725 0.54889701545358 0.58524465310277 0.812913356642856 0.572917683815716
0.23254464967181 0.174458574012646 0.303291258700012 0.546111244320819 0.301029995663981 0.371118328357914
0.20804457334758 0.42332599227276 0.318626872714404 0.292807297677707 0.740362689494244 0.341095553973416
0.27484353533812 0.739623693227463 0.494750501356612 0.561554636067909 0.954242509439325 0.578869472580625
0.29629064264998 0.462978648989832 0.60139200188746 0.323262676629655 0.477121254719662 0.46013441052435
0.18577316440238 0.623152211335106 0.309189571782471 0.455735641192298 0.477121254719662 0.448530279305033
0.68157533201038 0.207498811403963 0.501144272737997 0.55276583113916 0.698970004336019 0.544106997759436
0.15767058464357 0.169436414210688 0.265424088710629 0.524671298138293 0.176091259055681 0.336496362787349
0.29293237673638 0.119165632906896 0.373929456175533 0.163105710716012 0 0.26661960893445
0.13997862921691 0.0981042576329716 0.304706853839801 0.317970514699984 0.477121254719662 0.234083131469701
0.45544191726454 0.190984157517664 0.238645747316268 0 0.477121254719662 0.285373028123217
0.40354144405434 0.420681024542459 0.354866108293028 0.469019780749845 0.477121254719662 0.427425562515413
0.0802930850251901 0.0193454251348419 0.310015335614015 0.271968771681232 0.301029995663981 0.197918386377524
0.56095252633186 0.276300761247943 0.304824820101451 0.553869647077949 0.397940008672037 0.446517573611441
0.31424210044268 0.530693101771146 0.458534859030317 0.520084592539543 0.397940008672037 0.477270868721673
0.37337811021218 0.671504844553497 0.544862569305179 0.553869647077949 0.397940008672037 0.576444035558637
0.21004426805068 0.434441414511257 0.141913412763949 0.63604852205665 0.477121254719662 0.417144628839099
0.21877575942604 0.478755553612513 0.529550548543116 0.573486018783978 0.740362689494244 0.488948580419248
0.30548007937719 0.483471684090299 0.289937477881325 0.48842770756529 0.301029995663981 0.407412718371458
0.47725538085788 0.761679663804929 0.480335024183084 0.51945419153332 0.477121254719662 0.608599691111457
0.17539306976034 0.236691823005754 0.528134953403327 0.472348605923604 0.301029995663981 0.387264107190319
0.59398565104564 0.83543819573854 0.469033856317093 0.604126237576584 0.698970004336019 0.682937640503255
0.57714852694245 0.109072130018743 0.320325586882152 0.553869647077949 0.397940008672037 0.433384689691846
0.17282857578996 0.255315893305063 0.212740356258111 0.751288408052003 0.397940008672037 0.448919778176855
0.24283315524347 0.559203012202919 0.401793087177068 0.459709065572819 0.653212513775344 0.455293974590502
0.47974355060296 0.190716381859019 0.442019582399433 0.493856801341952 0.698970004336019 0.432907933581788
0.42054648145321 0.41994327527884 0.317777515630529 0.31312449373618 0.397940008672037 0.375929717508048
0.36895130514425 0.0906010743815186 0.436074082812316 0.521233699688259 0.176091259055681 0.403894733424711
0.23217829339032 0.399931143402061 0.610239471511148 0.376683668972953 0.301029995663981 0.461059640114843
0.32376736376126 0.614692686445632 0.528842750973221 0.561554636067909 0.176091259055681 0.540775734931965
0.53136925660205 0.0339528605544592 0.267854193700601 0.23531829514119 0.397940008672037 0.340010613594389
0.1222714089452 0.369749001306089 0.397546301757697 0.563737056624503 0.397940008672037 0.422241386429411
0.43965806747062 0.123083901218104 0.254453226377256 0.403988507881478 0.301029995663981 0.336527298354507
0.6271103648298 0.472246965664601 0.169635484251504 0.177609749608677 0.397940008672037 0.413307693356185
0.25405281636391 0.316647448753751 0.435649404270379 0.551660512948639 0.477121254719662 0.426578505779723
0.32590444206991 0.337921951592719 0.287011914592427 0.238388755731617 0.653212513775344 0.307436564585877
0.41779880934209 0.235150746766199 0.606157838858087 0.583119343520125 0.602059991327962 0.495843955883113
0.69119218439933 0.898999393406159 0.960599268609177 0.497700467122113 0.929418925714293 0.808922245181287
0.50389253549076 0.197602041652777 0.466438598560812 0.561554636067909 0.477121254719662 0.473704989589285
0.26347122576706 0.235495029755888 0.23694703314852 0.517781489168513 0.397940008672037 0.36353313505012
0.23765837276752 0.405570826661711 0.277291494632535 0.47832181884011 0.301029995663981 0.376932819168044
0.123950541902 0.616512467962557 0.399079863159136 0.33432304139239 0.176091259055681 0.435942505597768
0.14208517783545 0.228707736530609 0.120089654358853 0.328881537864393 0.397940008672037 0.232470167365072
0.5671347885819 0.17429462973184 0.143093075380441 0.889663440184324 0.397940008672037 0.53645129579398
0.09845825064876 0.488040264715367 0.421115960835201 0.211935722588479 0.301029995663981 0.344548283023996
0.05205312166082 0.181185754334961 0.155361566591955 0.500367526270218 0.176091259055681 0.295043571324802
0.46441764616089 0.387291039352091 0.434280995635248 0.529232245523249 0.301029995663981 0.47309370308726
0.46679896199054 0.633136418036058 0.417388226967088 0.57670983976016 0.602059991327962 0.547309507396283
0.66745535032819 0.507451267562532 0.304659667335143 0.0347452941270855 0.845098040014257 0.451463674040143
0.08716226530301 0.369623310690807 0.225669458534859 0.420893011858168 0.477121254719662 0.310340187104113
0.44223782628606 0.639486526512523 0.480004718650465 0.443293016720055 0.397940008672037 0.534166465807691
0.10267134788582 0.12065752586221 0.082694349416067 0.291894031121398 0.301029995663981 0.185186798379387
0.37305754846588 0.407871511402323 0.463135543234635 0.488853239573297 0.301029995663981 0.445723048751876
0.38777285910548 0.647006104192057 0.497369352365224 0.48756639897508 0.477121254719662 0.544182405586831
0.53823843687987 0.0813764761816281 0.554205497227793 0.592639741975282 0.602059991327962 0.497116800260494
0.25083193405587 0.415336440988257 0.109118792025481 0.583119343520125 0.397940008672037 0.397940008672017
0.5614562662189 0.158534119537239 0.561637371711691 0.537152785366121 0.602059991327962 0.495523316100792
0.58952831628759 0.179672002142204 0.436121269316976 0.88951460382852 0.845098040014257 0.618017342306256
0.1741718821554 0.87753908704895 0.417364633714757 0.566999730649336 0.397940008672037 0.603677211231217
0.46576095252633 0.332342381236029 0.225669458534859 0.805492929508778 0.397940008672037 0.542231059463774
0.36650892993436 0.184787063703283 0.123274743423381 0.375799628240163 0.397940008672037 0.284004597606397
0.47632422530911 0.553290088475263 0.627698478235225 0.569167587630575 0.544068044350276 0.576765449685618
0.21905052663715 0.044980845843194 0.329055090244191 0.315394303530878 0.397940008672037 0.254697182266133
0.27801862311098 0.0795239058085464 0.17447210097912 0.559366335144512 0.301029995663981 0.343338844292977
0.21262402686613 0.189656208843152 0.122425386339507 0.578851966302965 0.301029995663981 0.353646867840944
0.60280873149138 0.40337397329894 0.292674295151587 0.446063928009319 0.397940008672037 0.480360291501033
0.20598381926423 0.629535108667732 0.328064173646337 0.327938044093803 0.397940008672037 0.44237558536789
0.1741718821554 0.401882080343627 0.432228382682553 0.563737056624503 0.397940008672037 0.443522072941812
0.39856510456419 0.310182579280721 0.229680311430931 0.260848819406032 0.176091259055681 0.323334084864992
0.05886124255839 0.357715491095091 0.458817978058275 0.218563521874584 0.301029995663981 0.319233501362245
0.4010380094642 0.873260141319969 0.440132122213047 0.342091183051118 0.301029995663981 0.604847502553192
0.70045794535185 0.324139702386482 0.438386221540639 0.491268328299459 0.740362689494244 0.543707600914624
0.12471378415509 0.464093470099296 0.431874483897605 0.573486018783978 0.397940008672037 0.453207260214165
0.11860784613036 0.46999546420823 0.0732570484841336 0.386659607444003 0.176091259055681 0.302184727036869
0.64145931918791 0.147883206094354 0.147339860799811 0.206878405644211 0.397940008672037 0.372322487740362
0.38794077240116 0.354239872342052 0.456741771853249 0.520084592539543 0.397940008672037 0.450226775473475
0.41262402686613 0.0421883282601676 0.637466084699776 0.530368491468775 0.602059991327962 0.472682322114374
0.13143031598229 0.711802348775063 0.516102394715112 0.375744687124146 0.544068044350276 0.506181340864786
0.50022897267593 0.180803217679753 0.553804411938185 0.502504286167172 0.602059991327962 0.477101260488348
0.27797282857579 0.259960981261167 0.586764185442963 0.326771723062716 0.653212513775344 0.41738869561951
0.56800488475042 0.503625901010445 0.164327002477292 0.291833110154638 0.397940008672037 0.422764875886155
0.20656388337658 0.152435392291338 0.12905509024419 0.146154093009579 0.176091259055681 0.170994249664486
0.58632269882461 0.248069556093536 0.494207856553025 0.533767722387638 0.397940008672037 0.503776276839136
0.56495191573806 0.428348152074714 0.294089890291377 0.34921825441198 0.397940008672037 0.446424240121151
0.10430468630743 0.198591172146959 0.450725492509143 0.362757268634855 0.176091259055681 0.317451810910345
0.31114333689513 0.134762198820695 0.613778459360623 0.543880876497289 0.740362689494244 0.449321559432619
0.36040299190963 0.0920601784806748 0.506665093783179 0.423228391487345 0.301029995663981 0.393597415201575
0.29094794687834 0.520386471317949 0.213872832369943 0.821676178041485 0.544068044350276 0.543365531808681
0.51949320714395 0.222510642716228 0.369116432700248 0.577781609282115 0.653212513775344 0.459359086640794
0.18485727369867 0.111596871943121 0.225763831544179 0.292679502166169 0.176091259055681 0.226905580124636
0.40909784765685 0.628556907792272 0.407337501474579 0.563737056624503 0.397940008672037 0.525936774373966
0.11581437948405 0.355851991103292 0.189807714993512 0.575636654004148 0.301029995663981 0.370569444834248
0.19650435048084 0.296870303679454 0.295623451692816 0.537152785366121 0.397940008672037 0.387209412823104
0.68096473820791 0.428479307499359 0.551256340686564 0.370287036163514 0.812913356642856 0.547232052090834
0.37452297359182 0.41934214624923 0.121009791199717 0.526635645266015 0.397940008672037 0.410042395023062
0.80125171729507 0.49915568695386 0.416184971098265 0.744059236325423 0.812913356642856 0.652461210260185
0.0744619142115701 0.704763674319221 0.405450041288192 0.121856291063439 0.544068044350276 0.408815688584352
0.4061975270951 0.441277891020773 0.428335496048131 0.415155874390926 0.477121254719662 0.427074406934174
0.6799267287437 0.350387181743166 1 0.417246798326283 0.977723605288848 0.698465226289306
0.32376736376126 0.36713135762259 0.182116314733987 0.166411328760107 0.176091259055681 0.280044863974257
0.59842772095863 0.342113460371934 0.301285832251976 0.461688511589176 0.397940008672037 0.464667610861559
0.42805678522363 0.314718371049624 0.188109000825764 0.287195821459451 0.397940008672037 0.338146296401367
0.51274614562662 0.32619447070589 0.609059808894656 0.932296035403765 0.977723605288848 0.682385198348973
0.02289726759273 0.534387312898589 0.430576855019464 0.0151295013450648 0.301029995663981 0.301029995663797
0.65379331399786 0.359917809267225 0.264008493570839 0.399033058984085 0.477121254719662 0.480038276210819
0.1357044725996 0.480012459765339 0.456883331367229 0.52785753702076 0.397940008672037 0.44393730984729
0.35437337811021 0.517255135554598 0.402430104989973 0.126372622066817 0 0.398803095312434
0.32987330178599 0.490450245643181 0.278990208800283 0.284857992618281 0.397940008672037 0.380265166622327
0.42573652877423 0.258720469536422 0.438834493334907 0.50569892209972 0.477121254719662 0.438041373252982
0.28633796366967 0.403368508489582 0.321576029255633 0.255667667394517 0.301029995663981 0.337923666054108
0.25736528774233 0.686325407538158 0.594667924973457 0.556072788495415 0.544068044350276 0.574521000348767
0.10227446191421 0.530704031389864 0.448625693051787 0.244869546595186 0.176091259055681 0.376743051668996
0 0.472706009650854 0.39582399433762 0.294217797197054 0.176091259055681 0.342966284030405
